{
 "cells": [
  {
   "cell_type": "markdown",
   "id": "ed22f2d9-74a7-4a0b-b443-f0c7cbe7bf01",
   "metadata": {},
   "source": [
    "# Gaussian operations"
   ]
  },
  {
   "cell_type": "markdown",
   "id": "1c19866c-7444-46b4-b636-44e32832433f",
   "metadata": {},
   "source": [
    "## Diabetes data"
   ]
  },
  {
   "cell_type": "code",
   "execution_count": 1,
   "id": "2b420358-eaff-43d4-9d15-4b789a600b24",
   "metadata": {},
   "outputs": [
    {
     "data": {
      "text/plain": [
       "((442, 10), (442,))"
      ]
     },
     "execution_count": 1,
     "metadata": {},
     "output_type": "execute_result"
    }
   ],
   "source": [
    "from sklearn.datasets import load_diabetes\n",
    "\n",
    "X, y = load_diabetes(return_X_y=True, as_frame=True)\n",
    "\n",
    "X.shape, y.shape"
   ]
  },
  {
   "cell_type": "code",
   "execution_count": 2,
   "id": "a39b56a9-a7b0-4c62-8f62-793779274d59",
   "metadata": {},
   "outputs": [
    {
     "data": {
      "text/html": [
       "<div>\n",
       "<style scoped>\n",
       "    .dataframe tbody tr th:only-of-type {\n",
       "        vertical-align: middle;\n",
       "    }\n",
       "\n",
       "    .dataframe tbody tr th {\n",
       "        vertical-align: top;\n",
       "    }\n",
       "\n",
       "    .dataframe thead th {\n",
       "        text-align: right;\n",
       "    }\n",
       "</style>\n",
       "<table border=\"1\" class=\"dataframe\">\n",
       "  <thead>\n",
       "    <tr style=\"text-align: right;\">\n",
       "      <th></th>\n",
       "      <th>age</th>\n",
       "      <th>sex</th>\n",
       "      <th>bmi</th>\n",
       "      <th>bp</th>\n",
       "      <th>s1</th>\n",
       "      <th>s2</th>\n",
       "      <th>s3</th>\n",
       "      <th>s4</th>\n",
       "      <th>s5</th>\n",
       "      <th>s6</th>\n",
       "    </tr>\n",
       "  </thead>\n",
       "  <tbody>\n",
       "    <tr>\n",
       "      <th>0</th>\n",
       "      <td>0.038076</td>\n",
       "      <td>0.050680</td>\n",
       "      <td>0.061696</td>\n",
       "      <td>0.021872</td>\n",
       "      <td>-0.044223</td>\n",
       "      <td>-0.034821</td>\n",
       "      <td>-0.043401</td>\n",
       "      <td>-0.002592</td>\n",
       "      <td>0.019907</td>\n",
       "      <td>-0.017646</td>\n",
       "    </tr>\n",
       "    <tr>\n",
       "      <th>1</th>\n",
       "      <td>-0.001882</td>\n",
       "      <td>-0.044642</td>\n",
       "      <td>-0.051474</td>\n",
       "      <td>-0.026328</td>\n",
       "      <td>-0.008449</td>\n",
       "      <td>-0.019163</td>\n",
       "      <td>0.074412</td>\n",
       "      <td>-0.039493</td>\n",
       "      <td>-0.068332</td>\n",
       "      <td>-0.092204</td>\n",
       "    </tr>\n",
       "    <tr>\n",
       "      <th>2</th>\n",
       "      <td>0.085299</td>\n",
       "      <td>0.050680</td>\n",
       "      <td>0.044451</td>\n",
       "      <td>-0.005670</td>\n",
       "      <td>-0.045599</td>\n",
       "      <td>-0.034194</td>\n",
       "      <td>-0.032356</td>\n",
       "      <td>-0.002592</td>\n",
       "      <td>0.002861</td>\n",
       "      <td>-0.025930</td>\n",
       "    </tr>\n",
       "    <tr>\n",
       "      <th>3</th>\n",
       "      <td>-0.089063</td>\n",
       "      <td>-0.044642</td>\n",
       "      <td>-0.011595</td>\n",
       "      <td>-0.036656</td>\n",
       "      <td>0.012191</td>\n",
       "      <td>0.024991</td>\n",
       "      <td>-0.036038</td>\n",
       "      <td>0.034309</td>\n",
       "      <td>0.022688</td>\n",
       "      <td>-0.009362</td>\n",
       "    </tr>\n",
       "    <tr>\n",
       "      <th>4</th>\n",
       "      <td>0.005383</td>\n",
       "      <td>-0.044642</td>\n",
       "      <td>-0.036385</td>\n",
       "      <td>0.021872</td>\n",
       "      <td>0.003935</td>\n",
       "      <td>0.015596</td>\n",
       "      <td>0.008142</td>\n",
       "      <td>-0.002592</td>\n",
       "      <td>-0.031988</td>\n",
       "      <td>-0.046641</td>\n",
       "    </tr>\n",
       "  </tbody>\n",
       "</table>\n",
       "</div>"
      ],
      "text/plain": [
       "        age       sex       bmi        bp        s1        s2        s3   \n",
       "0  0.038076  0.050680  0.061696  0.021872 -0.044223 -0.034821 -0.043401  \\\n",
       "1 -0.001882 -0.044642 -0.051474 -0.026328 -0.008449 -0.019163  0.074412   \n",
       "2  0.085299  0.050680  0.044451 -0.005670 -0.045599 -0.034194 -0.032356   \n",
       "3 -0.089063 -0.044642 -0.011595 -0.036656  0.012191  0.024991 -0.036038   \n",
       "4  0.005383 -0.044642 -0.036385  0.021872  0.003935  0.015596  0.008142   \n",
       "\n",
       "         s4        s5        s6  \n",
       "0 -0.002592  0.019907 -0.017646  \n",
       "1 -0.039493 -0.068332 -0.092204  \n",
       "2 -0.002592  0.002861 -0.025930  \n",
       "3  0.034309  0.022688 -0.009362  \n",
       "4 -0.002592 -0.031988 -0.046641  "
      ]
     },
     "execution_count": 2,
     "metadata": {},
     "output_type": "execute_result"
    }
   ],
   "source": [
    "X.head()"
   ]
  },
  {
   "cell_type": "markdown",
   "id": "e8e299a8-02b4-4d4a-a130-65291dbdec98",
   "metadata": {},
   "source": [
    "## Mean"
   ]
  },
  {
   "cell_type": "code",
   "execution_count": 3,
   "id": "36bed4cf-a036-403b-a139-7303f17afb3f",
   "metadata": {},
   "outputs": [
    {
     "data": {
      "text/plain": [
       "age   -2.511817e-19\n",
       "sex    1.230790e-17\n",
       "bmi   -2.245564e-16\n",
       "bp    -4.797570e-17\n",
       "s1    -1.381499e-17\n",
       "s2     3.918434e-17\n",
       "s3    -5.777179e-18\n",
       "s4    -9.042540e-18\n",
       "s5     9.293722e-17\n",
       "s6     1.130318e-17\n",
       "dtype: float64"
      ]
     },
     "execution_count": 3,
     "metadata": {},
     "output_type": "execute_result"
    }
   ],
   "source": [
    "_M = X.mean()\n",
    "M = _M.values\n",
    "\n",
    "_M"
   ]
  },
  {
   "cell_type": "markdown",
   "id": "13aeaec7-4470-4f27-9e9e-6952f491e745",
   "metadata": {},
   "source": [
    "## Covariance"
   ]
  },
  {
   "cell_type": "code",
   "execution_count": 4,
   "id": "1d5d946a-f27b-4b61-9755-38a1dcc2cb93",
   "metadata": {},
   "outputs": [
    {
     "data": {
      "text/html": [
       "<div>\n",
       "<style scoped>\n",
       "    .dataframe tbody tr th:only-of-type {\n",
       "        vertical-align: middle;\n",
       "    }\n",
       "\n",
       "    .dataframe tbody tr th {\n",
       "        vertical-align: top;\n",
       "    }\n",
       "\n",
       "    .dataframe thead th {\n",
       "        text-align: right;\n",
       "    }\n",
       "</style>\n",
       "<table border=\"1\" class=\"dataframe\">\n",
       "  <thead>\n",
       "    <tr style=\"text-align: right;\">\n",
       "      <th></th>\n",
       "      <th>age</th>\n",
       "      <th>sex</th>\n",
       "      <th>bmi</th>\n",
       "      <th>bp</th>\n",
       "      <th>s1</th>\n",
       "      <th>s2</th>\n",
       "      <th>s3</th>\n",
       "      <th>s4</th>\n",
       "      <th>s5</th>\n",
       "      <th>s6</th>\n",
       "    </tr>\n",
       "  </thead>\n",
       "  <tbody>\n",
       "    <tr>\n",
       "      <th>age</th>\n",
       "      <td>0.002268</td>\n",
       "      <td>0.000394</td>\n",
       "      <td>0.000420</td>\n",
       "      <td>0.000761</td>\n",
       "      <td>0.000590</td>\n",
       "      <td>0.000497</td>\n",
       "      <td>-0.000170</td>\n",
       "      <td>0.000462</td>\n",
       "      <td>0.000614</td>\n",
       "      <td>0.000684</td>\n",
       "    </tr>\n",
       "    <tr>\n",
       "      <th>sex</th>\n",
       "      <td>0.000394</td>\n",
       "      <td>0.002268</td>\n",
       "      <td>0.000200</td>\n",
       "      <td>0.000547</td>\n",
       "      <td>0.000080</td>\n",
       "      <td>0.000323</td>\n",
       "      <td>-0.000860</td>\n",
       "      <td>0.000753</td>\n",
       "      <td>0.000340</td>\n",
       "      <td>0.000472</td>\n",
       "    </tr>\n",
       "    <tr>\n",
       "      <th>bmi</th>\n",
       "      <td>0.000420</td>\n",
       "      <td>0.000200</td>\n",
       "      <td>0.002268</td>\n",
       "      <td>0.000897</td>\n",
       "      <td>0.000566</td>\n",
       "      <td>0.000592</td>\n",
       "      <td>-0.000832</td>\n",
       "      <td>0.000938</td>\n",
       "      <td>0.001012</td>\n",
       "      <td>0.000881</td>\n",
       "    </tr>\n",
       "    <tr>\n",
       "      <th>bp</th>\n",
       "      <td>0.000761</td>\n",
       "      <td>0.000547</td>\n",
       "      <td>0.000897</td>\n",
       "      <td>0.002268</td>\n",
       "      <td>0.000550</td>\n",
       "      <td>0.000421</td>\n",
       "      <td>-0.000405</td>\n",
       "      <td>0.000584</td>\n",
       "      <td>0.000892</td>\n",
       "      <td>0.000885</td>\n",
       "    </tr>\n",
       "    <tr>\n",
       "      <th>s1</th>\n",
       "      <td>0.000590</td>\n",
       "      <td>0.000080</td>\n",
       "      <td>0.000566</td>\n",
       "      <td>0.000550</td>\n",
       "      <td>0.002268</td>\n",
       "      <td>0.002033</td>\n",
       "      <td>0.000117</td>\n",
       "      <td>0.001229</td>\n",
       "      <td>0.001169</td>\n",
       "      <td>0.000739</td>\n",
       "    </tr>\n",
       "    <tr>\n",
       "      <th>s2</th>\n",
       "      <td>0.000497</td>\n",
       "      <td>0.000323</td>\n",
       "      <td>0.000592</td>\n",
       "      <td>0.000421</td>\n",
       "      <td>0.002033</td>\n",
       "      <td>0.002268</td>\n",
       "      <td>-0.000445</td>\n",
       "      <td>0.001496</td>\n",
       "      <td>0.000722</td>\n",
       "      <td>0.000659</td>\n",
       "    </tr>\n",
       "    <tr>\n",
       "      <th>s3</th>\n",
       "      <td>-0.000170</td>\n",
       "      <td>-0.000860</td>\n",
       "      <td>-0.000832</td>\n",
       "      <td>-0.000405</td>\n",
       "      <td>0.000117</td>\n",
       "      <td>-0.000445</td>\n",
       "      <td>0.002268</td>\n",
       "      <td>-0.001675</td>\n",
       "      <td>-0.000904</td>\n",
       "      <td>-0.000621</td>\n",
       "    </tr>\n",
       "    <tr>\n",
       "      <th>s4</th>\n",
       "      <td>0.000462</td>\n",
       "      <td>0.000753</td>\n",
       "      <td>0.000938</td>\n",
       "      <td>0.000584</td>\n",
       "      <td>0.001229</td>\n",
       "      <td>0.001496</td>\n",
       "      <td>-0.001675</td>\n",
       "      <td>0.002268</td>\n",
       "      <td>0.001401</td>\n",
       "      <td>0.000946</td>\n",
       "    </tr>\n",
       "    <tr>\n",
       "      <th>s5</th>\n",
       "      <td>0.000614</td>\n",
       "      <td>0.000340</td>\n",
       "      <td>0.001012</td>\n",
       "      <td>0.000892</td>\n",
       "      <td>0.001169</td>\n",
       "      <td>0.000722</td>\n",
       "      <td>-0.000904</td>\n",
       "      <td>0.001401</td>\n",
       "      <td>0.002268</td>\n",
       "      <td>0.001054</td>\n",
       "    </tr>\n",
       "    <tr>\n",
       "      <th>s6</th>\n",
       "      <td>0.000684</td>\n",
       "      <td>0.000472</td>\n",
       "      <td>0.000881</td>\n",
       "      <td>0.000885</td>\n",
       "      <td>0.000739</td>\n",
       "      <td>0.000659</td>\n",
       "      <td>-0.000621</td>\n",
       "      <td>0.000946</td>\n",
       "      <td>0.001054</td>\n",
       "      <td>0.002268</td>\n",
       "    </tr>\n",
       "  </tbody>\n",
       "</table>\n",
       "</div>"
      ],
      "text/plain": [
       "          age       sex       bmi        bp        s1        s2        s3   \n",
       "age  0.002268  0.000394  0.000420  0.000761  0.000590  0.000497 -0.000170  \\\n",
       "sex  0.000394  0.002268  0.000200  0.000547  0.000080  0.000323 -0.000860   \n",
       "bmi  0.000420  0.000200  0.002268  0.000897  0.000566  0.000592 -0.000832   \n",
       "bp   0.000761  0.000547  0.000897  0.002268  0.000550  0.000421 -0.000405   \n",
       "s1   0.000590  0.000080  0.000566  0.000550  0.002268  0.002033  0.000117   \n",
       "s2   0.000497  0.000323  0.000592  0.000421  0.002033  0.002268 -0.000445   \n",
       "s3  -0.000170 -0.000860 -0.000832 -0.000405  0.000117 -0.000445  0.002268   \n",
       "s4   0.000462  0.000753  0.000938  0.000584  0.001229  0.001496 -0.001675   \n",
       "s5   0.000614  0.000340  0.001012  0.000892  0.001169  0.000722 -0.000904   \n",
       "s6   0.000684  0.000472  0.000881  0.000885  0.000739  0.000659 -0.000621   \n",
       "\n",
       "           s4        s5        s6  \n",
       "age  0.000462  0.000614  0.000684  \n",
       "sex  0.000753  0.000340  0.000472  \n",
       "bmi  0.000938  0.001012  0.000881  \n",
       "bp   0.000584  0.000892  0.000885  \n",
       "s1   0.001229  0.001169  0.000739  \n",
       "s2   0.001496  0.000722  0.000659  \n",
       "s3  -0.001675 -0.000904 -0.000621  \n",
       "s4   0.002268  0.001401  0.000946  \n",
       "s5   0.001401  0.002268  0.001054  \n",
       "s6   0.000946  0.001054  0.002268  "
      ]
     },
     "execution_count": 4,
     "metadata": {},
     "output_type": "execute_result"
    }
   ],
   "source": [
    "_S = X.cov()\n",
    "S = _S.values\n",
    "\n",
    "_S"
   ]
  },
  {
   "cell_type": "markdown",
   "id": "b8572fbe-f918-4388-b20e-969aaa952ea6",
   "metadata": {},
   "source": [
    "## Precision"
   ]
  },
  {
   "cell_type": "code",
   "execution_count": 5,
   "id": "4d87c27f-4a11-459c-ba79-2661782cfb7c",
   "metadata": {},
   "outputs": [
    {
     "data": {
      "text/html": [
       "<div>\n",
       "<style scoped>\n",
       "    .dataframe tbody tr th:only-of-type {\n",
       "        vertical-align: middle;\n",
       "    }\n",
       "\n",
       "    .dataframe tbody tr th {\n",
       "        vertical-align: top;\n",
       "    }\n",
       "\n",
       "    .dataframe thead th {\n",
       "        text-align: right;\n",
       "    }\n",
       "</style>\n",
       "<table border=\"1\" class=\"dataframe\">\n",
       "  <thead>\n",
       "    <tr style=\"text-align: right;\">\n",
       "      <th></th>\n",
       "      <th>age</th>\n",
       "      <th>sex</th>\n",
       "      <th>bmi</th>\n",
       "      <th>bp</th>\n",
       "      <th>s1</th>\n",
       "      <th>s2</th>\n",
       "      <th>s3</th>\n",
       "      <th>s4</th>\n",
       "      <th>s5</th>\n",
       "      <th>s6</th>\n",
       "    </tr>\n",
       "  </thead>\n",
       "  <tbody>\n",
       "    <tr>\n",
       "      <th>age</th>\n",
       "      <td>536.832173</td>\n",
       "      <td>-54.447763</td>\n",
       "      <td>3.470961</td>\n",
       "      <td>-111.775881</td>\n",
       "      <td>69.042506</td>\n",
       "      <td>-126.972735</td>\n",
       "      <td>-71.144999</td>\n",
       "      <td>21.129371</td>\n",
       "      <td>-95.076456</td>\n",
       "      <td>-78.053490</td>\n",
       "    </tr>\n",
       "    <tr>\n",
       "      <th>sex</th>\n",
       "      <td>-54.447763</td>\n",
       "      <td>563.629318</td>\n",
       "      <td>87.464143</td>\n",
       "      <td>-113.524667</td>\n",
       "      <td>186.544784</td>\n",
       "      <td>-132.023942</td>\n",
       "      <td>90.408720</td>\n",
       "      <td>-119.353370</td>\n",
       "      <td>11.968834</td>\n",
       "      <td>-43.969333</td>\n",
       "    </tr>\n",
       "    <tr>\n",
       "      <th>bmi</th>\n",
       "      <td>3.470961</td>\n",
       "      <td>87.464143</td>\n",
       "      <td>665.661882</td>\n",
       "      <td>-157.879197</td>\n",
       "      <td>286.256448</td>\n",
       "      <td>-318.186761</td>\n",
       "      <td>75.976064</td>\n",
       "      <td>37.097912</td>\n",
       "      <td>-241.571359</td>\n",
       "      <td>-99.546066</td>\n",
       "    </tr>\n",
       "    <tr>\n",
       "      <th>bp</th>\n",
       "      <td>-111.775881</td>\n",
       "      <td>-113.524667</td>\n",
       "      <td>-157.879197</td>\n",
       "      <td>643.607650</td>\n",
       "      <td>-152.305237</td>\n",
       "      <td>77.749907</td>\n",
       "      <td>69.118081</td>\n",
       "      <td>144.150256</td>\n",
       "      <td>-95.749236</td>\n",
       "      <td>-102.282660</td>\n",
       "    </tr>\n",
       "    <tr>\n",
       "      <th>s1</th>\n",
       "      <td>69.042506</td>\n",
       "      <td>186.544784</td>\n",
       "      <td>286.256448</td>\n",
       "      <td>-152.305237</td>\n",
       "      <td>26108.306969</td>\n",
       "      <td>-20434.474598</td>\n",
       "      <td>-11589.267224</td>\n",
       "      <td>-3513.743721</td>\n",
       "      <td>-9539.100851</td>\n",
       "      <td>49.445240</td>\n",
       "    </tr>\n",
       "    <tr>\n",
       "      <th>s2</th>\n",
       "      <td>-126.972735</td>\n",
       "      <td>-132.023942</td>\n",
       "      <td>-318.186761</td>\n",
       "      <td>77.749907</td>\n",
       "      <td>-20434.474598</td>\n",
       "      <td>17284.276158</td>\n",
       "      <td>8208.325928</td>\n",
       "      <td>1120.883510</td>\n",
       "      <td>7801.137224</td>\n",
       "      <td>-53.854275</td>\n",
       "    </tr>\n",
       "    <tr>\n",
       "      <th>s3</th>\n",
       "      <td>-71.144999</td>\n",
       "      <td>90.408720</td>\n",
       "      <td>75.976064</td>\n",
       "      <td>69.118081</td>\n",
       "      <td>-11589.267224</td>\n",
       "      <td>8208.325928</td>\n",
       "      <td>6792.350799</td>\n",
       "      <td>3414.762936</td>\n",
       "      <td>3929.080002</td>\n",
       "      <td>-55.744113</td>\n",
       "    </tr>\n",
       "    <tr>\n",
       "      <th>s4</th>\n",
       "      <td>21.129371</td>\n",
       "      <td>-119.353370</td>\n",
       "      <td>37.097912</td>\n",
       "      <td>144.150256</td>\n",
       "      <td>-3513.743721</td>\n",
       "      <td>1120.883510</td>\n",
       "      <td>3414.762936</td>\n",
       "      <td>3920.924985</td>\n",
       "      <td>384.577779</td>\n",
       "      <td>-113.425076</td>\n",
       "    </tr>\n",
       "    <tr>\n",
       "      <th>s5</th>\n",
       "      <td>-95.076456</td>\n",
       "      <td>11.968834</td>\n",
       "      <td>-241.571359</td>\n",
       "      <td>-95.749236</td>\n",
       "      <td>-9539.100851</td>\n",
       "      <td>7801.137224</td>\n",
       "      <td>3929.080002</td>\n",
       "      <td>384.577779</td>\n",
       "      <td>4443.501505</td>\n",
       "      <td>-152.323350</td>\n",
       "    </tr>\n",
       "    <tr>\n",
       "      <th>s6</th>\n",
       "      <td>-78.053490</td>\n",
       "      <td>-43.969333</td>\n",
       "      <td>-99.546066</td>\n",
       "      <td>-102.282660</td>\n",
       "      <td>49.445240</td>\n",
       "      <td>-53.854275</td>\n",
       "      <td>-55.744113</td>\n",
       "      <td>-113.425076</td>\n",
       "      <td>-152.323350</td>\n",
       "      <td>654.718570</td>\n",
       "    </tr>\n",
       "  </tbody>\n",
       "</table>\n",
       "</div>"
      ],
      "text/plain": [
       "            age         sex         bmi          bp            s1   \n",
       "age  536.832173  -54.447763    3.470961 -111.775881     69.042506  \\\n",
       "sex  -54.447763  563.629318   87.464143 -113.524667    186.544784   \n",
       "bmi    3.470961   87.464143  665.661882 -157.879197    286.256448   \n",
       "bp  -111.775881 -113.524667 -157.879197  643.607650   -152.305237   \n",
       "s1    69.042506  186.544784  286.256448 -152.305237  26108.306969   \n",
       "s2  -126.972735 -132.023942 -318.186761   77.749907 -20434.474598   \n",
       "s3   -71.144999   90.408720   75.976064   69.118081 -11589.267224   \n",
       "s4    21.129371 -119.353370   37.097912  144.150256  -3513.743721   \n",
       "s5   -95.076456   11.968834 -241.571359  -95.749236  -9539.100851   \n",
       "s6   -78.053490  -43.969333  -99.546066 -102.282660     49.445240   \n",
       "\n",
       "               s2            s3           s4           s5          s6  \n",
       "age   -126.972735    -71.144999    21.129371   -95.076456  -78.053490  \n",
       "sex   -132.023942     90.408720  -119.353370    11.968834  -43.969333  \n",
       "bmi   -318.186761     75.976064    37.097912  -241.571359  -99.546066  \n",
       "bp      77.749907     69.118081   144.150256   -95.749236 -102.282660  \n",
       "s1  -20434.474598 -11589.267224 -3513.743721 -9539.100851   49.445240  \n",
       "s2   17284.276158   8208.325928  1120.883510  7801.137224  -53.854275  \n",
       "s3    8208.325928   6792.350799  3414.762936  3929.080002  -55.744113  \n",
       "s4    1120.883510   3414.762936  3920.924985   384.577779 -113.425076  \n",
       "s5    7801.137224   3929.080002   384.577779  4443.501505 -152.323350  \n",
       "s6     -53.854275    -55.744113  -113.425076  -152.323350  654.718570  "
      ]
     },
     "execution_count": 5,
     "metadata": {},
     "output_type": "execute_result"
    }
   ],
   "source": [
    "import numpy as np\n",
    "import pandas as pd\n",
    "\n",
    "_Q = pd.DataFrame(np.linalg.inv(X.cov()), columns=X.columns, index=X.columns)\n",
    "Q = _Q.values\n",
    "\n",
    "_Q"
   ]
  },
  {
   "cell_type": "markdown",
   "id": "c8d04847-28cc-4c65-9166-b82291101836",
   "metadata": {},
   "source": [
    "## Marginalize"
   ]
  },
  {
   "cell_type": "code",
   "execution_count": 6,
   "id": "baff88ab-039f-452a-bb94-48aac939bf35",
   "metadata": {},
   "outputs": [],
   "source": [
    "def marginalize(M, S, Q, v):\n",
    "    indices = [i for i in range(M.shape[0]) if i not in v]\n",
    "    \n",
    "    return M[indices], S[indices][:,indices], Q[indices][:,indices]"
   ]
  },
  {
   "cell_type": "code",
   "execution_count": 7,
   "id": "acfd77ea-d83e-450f-bd62-a09fb978b463",
   "metadata": {},
   "outputs": [],
   "source": [
    "_m, _s, _q = marginalize(M, S, Q, {0, 1, 2})"
   ]
  },
  {
   "cell_type": "code",
   "execution_count": 8,
   "id": "93e8c6cc-7be6-49b3-8a90-0cd1beb46d25",
   "metadata": {},
   "outputs": [
    {
     "data": {
      "text/plain": [
       "((7,), (7, 7), (7, 7))"
      ]
     },
     "execution_count": 8,
     "metadata": {},
     "output_type": "execute_result"
    }
   ],
   "source": [
    "_m.shape, _s.shape, _q.shape"
   ]
  },
  {
   "cell_type": "markdown",
   "id": "a6253c26-70a4-4942-beb1-c9089ddf0869",
   "metadata": {},
   "source": [
    "## Conditional"
   ]
  },
  {
   "cell_type": "code",
   "execution_count": 9,
   "id": "c1d5365d-6fa6-47b2-bc56-5f9d07494d90",
   "metadata": {},
   "outputs": [
    {
     "data": {
      "text/plain": [
       "((8,), (8, 8))"
      ]
     },
     "execution_count": 9,
     "metadata": {},
     "output_type": "execute_result"
    }
   ],
   "source": [
    "def conditional(M, S, Q, obs):\n",
    "    a = np.array([v for _, v in obs.items()])\n",
    "    \n",
    "    i_1 = [i for i in range(M.shape[0]) if i not in obs]\n",
    "    i_2 = [i for i in range(M.shape[0]) if i in obs]\n",
    "\n",
    "    m_1, m_2 = M[i_1], M[i_2]\n",
    "    S_11, S_12, S_21, S_22 = S[i_1][:,i_1], S[i_1][:,i_2], S[i_2][:,i_1], Q[i_2][:,i_2]\n",
    "    \n",
    "    _m = m_1 + S_12.dot(S_22).dot(a - m_2)\n",
    "    _s = S_11 - S_12.dot(S_22).dot(S_21)\n",
    "    \n",
    "    return _m, _s\n",
    "\n",
    "_m, _s = conditional(M, S, Q, {0: 0.1, 1: 0.2})\n",
    "\n",
    "_m.shape, _s.shape"
   ]
  },
  {
   "cell_type": "markdown",
   "id": "c86ce236-f19d-4bb1-a958-3ac21e607437",
   "metadata": {},
   "source": [
    "## References"
   ]
  },
  {
   "cell_type": "markdown",
   "id": "4eca0acf-1656-4eb0-b131-f0898c059e1d",
   "metadata": {},
   "source": [
    "- [multivariate normal distribution](https://en.wikipedia.org/wiki/Multivariate_normal_distribution)\n",
    "- [product-of-two-multivariate-gaussians-distributions](https://math.stackexchange.com/questions/157172/product-of-two-multivariate-gaussians-distributions)\n",
    "- [multivariate-gaussian-distributions](https://www.cs.princeton.edu/courses/archive/spr07/cos424/scribe_notes/0419.pdf)"
   ]
  },
  {
   "cell_type": "code",
   "execution_count": null,
   "id": "fce622ee-c341-4365-a689-998d9a57673b",
   "metadata": {},
   "outputs": [],
   "source": []
  }
 ],
 "metadata": {
  "kernelspec": {
   "display_name": "Python 3 (ipykernel)",
   "language": "python",
   "name": "python3"
  },
  "language_info": {
   "codemirror_mode": {
    "name": "ipython",
    "version": 3
   },
   "file_extension": ".py",
   "mimetype": "text/x-python",
   "name": "python",
   "nbconvert_exporter": "python",
   "pygments_lexer": "ipython3",
   "version": "3.9.16"
  }
 },
 "nbformat": 4,
 "nbformat_minor": 5
}
